  Num  Time  Event  Protect_state  PackStatus  BatteryStatus  FCC(mAh)  RC(mAh)  SOC%  Total(V)  Current(mA)  Cell1(mV)  Cell2(mV)  Cell3(mV)  Cell4(mV)  Cell5(mV)  Cell6(mV)  Cell7(mV)  Cell8(mV)  Cell9(mV)  Cell10(mV)  Cell11(mV)  Cell12(mV)  Cell13(mV)  Cell14(mV)  Cell15(mV)  Cell16(mV)  AmbientTemp  PowerTemp  Cell1Temp  Cell2Temp  Cell3Temp  Cell4Temp  Cell5Temp  Cell6Temp  Cell7Temp                            
  1  2021/7/24 16:30:00  定时记录  无软件保护   0003  0000  36860  12314  33  53818  0  3591  3589  3589  3587  3586  3590  3591  3588  3587  3590  3590  3587  3582  3585  3586  0  32  31  25  27  27  25  25  -40  -40                            
  2  2021/7/24 17:00:00  定时记录  无软件保护   0003  0000  36860  12309  33  53819  0  3591  3589  3589  3587  3586  3590  3591  3588  3587  3590  3590  3588  3582  3585  3586  0  32  31  25  27  27  25  25  -40  -40                            
  3  2021/7/24 17:30:00  定时记录  无软件保护   0003  0000  36860  12305  33  53812  0  3591  3589  3589  3587  3585  3589  3590  3588  3586  3589  3589  3587  3582  3585  3586  0  32  31  25  27  27  25  25  -40  -40                            
  4  2021/7/24 18:00:00  定时记录  无软件保护   0003  0000  36860  12300  33  53813  0  3591  3588  3589  3587  3586  3590  3590  3588  3586  3589  3589  3587  3582  3585  3586  0  32  31  25  27  27  25  25  -40  -40                            
  5  2021/7/24 18:30:00  定时记录  无软件保护   0003  0000  36860  12296  33  53808  0  3590  3588  3588  3587  3585  3589  3590  3588  3586  3589  3589  3587  3581  3585  3586  0  32  31  25  27  27  25  25  -40  -40                            
  6  2021/7/24 19:00:00  定时记录  无软件保护   0003  0000  36860  12291  33  53807  0  3590  3588  3588  3587  3585  3589  3590  3587  3586  3589  3589  3587  3581  3585  3586  0  32  31  25  27  27  25  25  -40  -40                            
  7  2021/7/24 19:30:00  定时记录  无软件保护   0003  0000  36860  12287  33  53806  0  3590  3588  3588  3586  3585  3589  3590  3587  3586  3589  3589  3587  3581  3585  3586  0  32  31  25  27  27  25  25  -40  -40                            
  8  2021/7/24 20:00:00  定时记录  无软件保护   0003  0000  36860  12282  33  53805  0  3590  3588  3588  3586  3585  3589  3590  3587  3586  3589  3589  3587  3581  3585  3585  0  32  31  25  27  27  25  25  -40  -40                            
  9  2021/7/24 20:30:00  定时记录  无软件保护   0003  0000  36860  12278  33  53803  0  3590  3588  3588  3586  3585  3589  3590  3587  3586  3588  3588  3587  3581  3585  3585  0  32  31  25  27  27  25  25  -40  -40                            
  10  2021/7/24 21:00:00  定时记录  无软件保护   0003  0000  36860  12273  33  53799  0  3590  3588  3587  3586  3585  3588  3590  3587  3585  3588  3588  3586  3581  3585  3585  0  32  31  25  27  27  25  25  -40  -40                            
  11  2021/7/24 21:30:00  定时记录  无软件保护   0003  0000  36860  12269  33  53798  0  3590  3588  3588  3586  3585  3588  3589  3587  3585  3588  3588  3586  3581  3584  3585  0  32  31  25  27  27  25  25  -40  -40                            
  12  2021/7/24 22:00:00  定时记录  无软件保护   0003  0000  36860  12264  33  53796  0  3590  3587  3588  3586  3585  3588  3589  3586  3585  3588  3588  3586  3581  3584  3585  0  32  31  25  27  27  25  25  -40  -40                            
  13  2021/7/24 22:30:00  定时记录  无软件保护   0003  0000  36860  12260  33  53794  0  3590  3587  3587  3585  3585  3588  3589  3586  3585  3588  3588  3586  3581  3584  3585  0  32  31  25  27  27  25  25  -40  -40                            
  14  2021/7/24 23:00:00  定时记录  无软件保护   0003  0000  36860  12255  33  53794  0  3590  3587  3587  3585  3585  3588  3589  3586  3585  3588  3588  3586  3581  3584  3585  0  32  31  25  27  27  25  25  -40  -40                            
  15  2021/7/24 23:30:00  定时记录  无软件保护   0003  0000  36860  12251  33  53789  0  3589  3587  3587  3585  3584  3588  3589  3586  3585  3588  3588  3586  3580  3583  3584  0  32  31  25  27  27  25  25  -40  -40                            
  16  2021/7/25 0:00:00  定时记录  无软件保护   0003  0000  36860  12246  33  53789  0  3589  3587  3587  3585  3584  3588  3589  3586  3585  3588  3587  3586  3580  3583  3585  0  32  31  25  27  27  25  25  -40  -40                            
  17  2021/7/25 0:30:00  定时记录  无软件保护   0003  0000  36860  12242  33  53788  0  3589  3587  3587  3585  3584  3588  3589  3586  3585  3587  3587  3585  3580  3584  3585  0  32  31  25  27  27  25  25  -40  -40                            
  18  2021/7/25 1:00:00  定时记录  无软件保护   0003  0000  36860  12237  33  53783  0  3588  3587  3587  3585  3584  3587  3588  3586  3585  3587  3587  3585  3580  3583  3584  0  32  31  25  27  27  25  25  -40  -40                            
  19  2021/7/25 1:30:00  定时记录  无软件保护   0003  0000  36860  12233  33  53785  0  3589  3587  3587  3585  3584  3588  3588  3586  3585  3587  3587  3585  3580  3583  3584  0  31  30  25  27  27  25  25  -40  -40                            
  20  2021/7/25 2:00:00  定时记录  无软件保护   0003  0000  36860  12228  33  53781  0  3588  3587  3586  3585  3584  3587  3588  3585  3585  3587  3587  3585  3580  3583  3584  0  31  30  25  27  27  25  25  -40  -40                            
  21  2021/7/25 2:30:00  定时记录  无软件保护   0003  0000  36860  12224  33  53780  0  3589  3586  3586  3585  3583  3587  3588  3585  3585  3587  3587  3585  3580  3583  3584  0  31  30  25  27  27  25  25  -40  -40                            
  22  2021/7/25 3:00:00  定时记录  无软件保护   0003  0000  36860  12219  33  53779  0  3588  3586  3586  3585  3583  3587  3588  3586  3584  3587  3587  3585  3580  3583  3584  0  31  30  25  27  27  25  25  -40  -40                            
  23  2021/7/25 3:30:00  定时记录  无软件保护   0003  0000  36860  12215  33  53778  0  3588  3586  3586  3585  3583  3587  3588  3585  3584  3587  3587  3585  3580  3583  3584  0  31  30  25  27  27  25  25  -40  -40                            
  24  2021/7/25 4:00:00  定时记录  无软件保护   0003  0000  36860  12210  33  53777  0  3588  3586  3586  3585  3583  3587  3588  3585  3584  3587  3586  3585  3580  3583  3584  0  31  30  25  27  27  25  25  -40  -40                            
  25  2021/7/25 4:30:00  定时记录  无软件保护   0003  0000  36860  12206  33  53771  0  3588  3586  3586  3584  3583  3587  3587  3585  3584  3586  3586  3585  3579  3582  3583  0  31  30  25  26  27  25  25  -40  -40                            
  26  2021/7/25 5:00:00  定时记录  无软件保护   0003  0000  36860  12201  33  53772  0  3588  3586  3586  3584  3583  3586  3587  3585  3584  3587  3586  3585  3579  3583  3583  0  31  30  25  26  26  25  25  -40  -40                            
  27  2021/7/25 6:00:00  定时记录  无软件保护   0003  0000  36860  12192  33  53766  0  3588  3585  3585  3584  3583  3586  3587  3585  3583  3586  3586  3584  3579  3582  3583  0  31  30  25  26  26  25  25  -40  -40                            
  28  2021/7/25 6:30:00  定时记录  无软件保护   0003  0000  36860  12188  33  53766  0  3587  3586  3585  3584  3583  3586  3587  3585  3583  3586  3586  3584  3579  3582  3583  0  31  30  25  26  26  25  25  -40  -40                            
  29  2021/7/25 7:00:00  定时记录  无软件保护   0003  0000  36860  12183  33  53765  0  3587  3585  3585  3584  3583  3586  3587  3585  3583  3586  3586  3584  3579  3582  3583  0  31  30  25  26  26  25  25  -40  -40                            
  30  2021/7/25 7:30:00  定时记录  无软件保护   0003  0000  36860  12179  33  53760  0  3587  3585  3585  3583  3582  3586  3587  3584  3583  3586  3585  3584  3578  3582  3583  0  31  30  25  26  26  25  25  -40  -40                            
  31  2021/7/25 8:00:00  定时记录  无软件保护   0003  0000  36860  12174  33  53760  0  3587  3585  3585  3583  3582  3586  3587  3584  3583  3586  3585  3584  3578  3582  3583  0  31  30  25  26  26  25  25  -40  -40                            
  32  2021/7/25 8:30:00  定时记录  无软件保护   0003  0000  36860  12170  33  53757  0  3587  3585  3585  3583  3582  3586  3586  3584  3583  3585  3585  3584  3578  3582  3582  0  31  29  25  26  26  25  25  -40  -40                            
  33  2021/7/25 9:00:00  定时记录  无软件保护   0003  0000  36860  12165  33  53757  0  3587  3585  3585  3583  3582  3586  3586  3584  3583  3585  3585  3584  3578  3581  3583  0  31  30  25  26  26  25  25  -40  -40                            
  34  2021/7/25 9:30:00  定时记录  无软件保护   0003  0000  36860  12161  32  53753  0  3586  3585  3585  3583  3582  3585  3586  3584  3583  3585  3585  3583  3578  3581  3582  0  31  29  25  26  26  25  25  -40  -40                            
  35  2021/7/25 10:00:00  定时记录  无软件保护   0003  0000  36860  12157  32  53752  0  3586  3585  3585  3583  3582  3585  3586  3583  3583  3585  3585  3583  3578  3581  3582  0  31  30  25  26  26  25  25  -40  -40                            
  36  2021/7/25 10:30:00  定时记录  无软件保护   0003  0000  36860  12152  32  53751  0  3586  3585  3585  3583  3582  3585  3586  3583  3582  3585  3585  3583  3578  3581  3582  0  31  29  25  26  26  25  25  -40  -40                            
  37  2021/7/25 11:00:00  定时记录  无软件保护   0003  0000  36860  12148  32  53750  0  3586  3585  3584  3583  3582  3585  3586  3583  3582  3585  3585  3583  3578  3581  3582  0  31  30  25  26  26  25  25  -40  -40                            
  38  2021/7/25 11:30:00  定时记录  无软件保护   0003  0000  36860  12143  32  53745  0  3586  3584  3584  3582  3581  3585  3586  3583  3582  3585  3584  3583  3577  3581  3582  0  31  30  25  26  26  25  25  -40  -40                            
  39  2021/7/25 12:00:00  定时记录  无软件保护   0003  0000  36860  12139  32  53744  0  3586  3584  3584  3582  3581  3585  3586  3583  3582  3585  3584  3583  3577  3581  3581  0  31  30  25  26  26  25  25  -40  -40                            
  40  2021/7/25 12:30:00  定时记录  无软件保护   0003  0000  36860  12134  32  53739  0  3585  3584  3583  3582  3581  3585  3585  3583  3581  3585  3584  3582  3577  3581  3581  0  31  30  25  26  26  25  25  -40  -40                            
  41  2021/7/25 13:00:00  定时记录  无软件保护   0003  0000  36860  12130  32  53741  0  3586  3584  3584  3582  3581  3585  3585  3583  3582  3584  3584  3583  3577  3580  3581  0  31  30  25  26  26  25  25  -40  -40                            
  42  2021/7/25 13:30:00  定时记录  无软件保护   0003  0000  36860  12125  32  53738  0  3585  3584  3583  3582  3581  3585  3585  3583  3582  3584  3584  3583  3576  3580  3581  0  31  30  25  26  26  25  25  -40  -40                            
  43  2021/7/25 14:00:00  定时记录  无软件保护   0003  0000  36860  12121  32  53736  0  3585  3584  3583  3582  3581  3585  3585  3582  3581  3584  3584  3582  3577  3580  3581  0  31  30  25  26  26  25  25  -40  -40                            
  44  2021/7/25 14:30:00  定时记录  无软件保护   0003  0000  36860  12116  32  53732  0  3585  3583  3583  3582  3580  3584  3585  3582  3581  3584  3584  3582  3576  3580  3581  0  31  30  25  26  26  25  25  -40  -40                            
  45  2021/7/25 15:00:00  定时记录  无软件保护   0003  0000  36860  12112  32  53731  0  3585  3583  3583  3581  3581  3584  3585  3582  3581  3584  3583  3582  3576  3580  3581  0  31  30  25  26  26  25  25  -40  -40                            
  46  2021/7/25 15:30:00  定时记录  无软件保护   0003  0000  36860  12107  32  53730  0  3585  3583  3583  3581  3580  3584  3585  3582  3581  3584  3583  3582  3576  3580  3581  0  31  30  25  26  26  25  25  -40  -40                            
  47  2021/7/25 16:00:00  定时记录  无软件保护   0003  0000  36860  12103  32  53725  0  3585  3583  3583  3581  3580  3583  3584  3582  3581  3583  3583  3581  3576  3580  3580  0  31  30  25  26  26  25  25  -40  -40                            
  48  2021/7/25 16:00:00  定时记录  无软件保护   0003  0000  36860  12103  32  53728  0  3585  3583  3583  3581  3580  3584  3584  3582  3581  3583  3583  3582  3576  3580  3581  0  31  30  25  26  26  25  25  -40  -40                            
  49  2021/7/25 16:30:00  定时记录  无软件保护   0003  0000  36860  12098  32  53725  0  3585  3583  3583  3581  3580  3583  3585  3582  3581  3583  3583  3581  3576  3579  3580  0  31  30  25  26  26  25  25  -40  -40                            
  50  2021/7/25 17:00:00  定时记录  无软件保护   0003  0000  36860  12094  32  53723  0  3584  3583  3583  3581  3580  3584  3584  3581  3581  3583  3583  3581  3576  3579  3580  0  31  30  25  26  26  25  25  -40  -40                            
  51  2021/7/25 17:30:00  定时记录  无软件保护   0003  0000  36860  12089  32  53719  0  3584  3582  3582  3581  3580  3583  3584  3581  3580  3583  3583  3581  3576  3579  3580  0  31  30  25  26  26  25  25  -40  -40                            
  52  2021/7/25 18:00:00  定时记录  无软件保护   0003  0000  36860  12085  32  53718  0  3584  3582  3582  3581  3580  3583  3584  3581  3580  3583  3583  3581  3575  3579  3580  0  31  30  25  26  26  25  25  -40  -40                            
  53  2021/7/25 18:30:00  定时记录  无软件保护   0003  0000  36860  12080  32  53719  0  3584  3582  3582  3581  3580  3583  3584  3581  3580  3583  3583  3581  3576  3579  3580  0  31  30  25  26  26  25  25  -40  -40                            
  54  2021/7/25 19:00:00  定时记录  无软件保护   0003  0000  36860  12076  32  53717  0  3584  3582  3582  3581  3580  3583  3584  3581  3580  3583  3582  3581  3575  3579  3580  0  30  29  25  26  26  25  25  -40  -40                            
