时间    总压    电流    SOC%    CELL1    CELL2    CELL3    CELL4    CELL5    CELL6    CELL7    CELL8    CELL9    CELL10    CELL11    CELL12    CELL13    CELL14    CELL15    CELL16    Temp2    Temp3    Temp4    Temp5    电压状态    电流状态    温度状态    报警状态    FET状态    最高电芯    最低电芯    最高电芯电压    最低电芯电压    均衡值    累计放电次数    累计充电次数    当前剩余容量    满充容量
2014/12/2-10:10:01    26    -79.422    0    3.258    3.260    3.259    3.262    3.254    3.260    3.258    3.245    0.000    0.000    0.000    0.000    0.000    0.000    0.000    0.000                    0    130    256    128    15    3    7    3262    3245    0    0    0    0.0    135.0
2014/12/2-10:10:01    26    -79.422    0    3.258    3.260    3.259    3.262    3.254    3.260    3.258    3.245    0.000    0.000    0.000    0.000    0.000    0.000    0.000    0.000                    0    130    256    128    15    3    7    3262    3245    0    0    0    0.0    135.0
2014/12/2-10:10:02    26    -79.422    0    3.258    3.260    3.259    3.262    3.254    3.260    3.258    3.245    0.000    0.000    0.000    0.000    0.000    0.000    0.000    0.000                    0    130    256    128    15    3    7    3262    3245    0    0    0    0.0    135.0
2014/12/2-10:10:02    26    -79.422    0    3.258    3.260    3.259    3.262    3.254    3.260    3.258    3.245    0.000    0.000    0.000    0.000    0.000    0.000    0.000    0.000                    0    130    256    128    15    3    7    3262    3245    0    0    0    0.0    135.0
2014/12/2-10:10:03    26    -79.422    0    3.258    3.260    3.259    3.262    3.254    3.260    3.258    3.245    0.000    0.000    0.000    0.000    0.000    0.000    0.000    0.000                    0    130    256    128    15    3    7    3262    3245    0    0    0    0.0    135.0
2014/12/2-10:10:03    26    -79.422    0    3.258    3.260    3.259    3.262    3.254    3.260    3.258    3.245    0.000    0.000    0.000    0.000    0.000    0.000    0.000    0.000                    0    130    256    128    15    3    7    3262    3245    0    0    0    0.0    135.0
2014/12/2-10:10:04    26    -79.422    0    3.258    3.260    3.259    3.262    3.254    3.260    3.258    3.245    0.000    0.000    0.000    0.000    0.000    0.000    0.000    0.000                    0    130    256    128    15    3    7    3262    3245    0    0    0    0.0    135.0
2014/12/2-10:10:05    26    -79.422    0    3.258    3.260    3.259    3.262    3.254    3.260    3.258    3.245    0.000    0.000    0.000    0.000    0.000    0.000    0.000    0.000                    0    130    256    128    15    3    7    3262    3245    0    0    0    0.0    135.0
2014/12/2-10:10:05    26    -79.422    0    3.258    3.260    3.259    3.262    3.254    3.260    3.258    3.245    0.000    0.000    0.000    0.000    0.000    0.000    0.000    0.000                    0    130    256    128    15    3    7    3262    3245    0    0    0    0.0    135.0
2014/12/2-10:10:06    26    -79.422    0    3.258    3.260    3.259    3.262    3.254    3.260    3.258    3.245    0.000    0.000    0.000    0.000    0.000    0.000    0.000    0.000                    0    130    256    128    15    3    7    3262    3245    0    0    0    0.0    135.0
2014/12/2-10:10:06    26    -79.422    0    3.258    3.260    3.259    3.262    3.254    3.260    3.258    3.245    0.000    0.000    0.000    0.000    0.000    0.000    0.000    0.000                    0    130    256    128    15    3    7    3262    3245    0    0    0    0.0    135.0
